R1=[ 1
     3
     1
     9
     1
   163
     1
   169
    11
   163
    11
   169
    35
    43
    35
   129
    35
   139
    41
    43
    41
   129
    41
   139
    83
    91
    83
   241
    83
   251
    89
    91
    89
   241
    89
   251
   113
   115
   113
   121
   113
   211
   113
   217
   123
   211
   123
   217
   131
   139
   137
   139
   161
   163
   161
   169
   209
   211
   209
   217
   243
   251
   249
   251];
   